#    A     R     N     D     C     Q     E     G     H     I     L     K     M     F     P     S     T     W     Y     V    Sp    Tp    Yp    Ka
  0.59 -1.00 -1.00 -1.00 -1.00 -1.00 -1.00  0.00  0.40  0.50  0.54 -1.00  0.47  0.70 -1.00 -1.00  0.37  0.64  0.60  0.52 -1.00 -1.00 -1.00 -1.00
 -1.00 -1.00  0.71  1.02 -1.00  0.76  1.02  0.00 -1.00 -1.00 -1.00 -1.00 -1.00 -1.00 -1.00  0.71  0.53 -1.00  0.76 -1.00  1.02  1.02  1.02  0.76
 -1.00  0.71  0.77  0.51 -1.00  0.77  0.62  0.00  0.52 -1.00 -1.00  0.44 -1.00 -1.00 -1.00  0.44  0.26 -1.00  0.51 -1.00  0.62  0.62  0.62  0.77
 -1.00  1.02  0.51 -1.00 -1.00  0.57 -1.00  0.00  0.82 -1.00 -1.00  0.79 -1.00 -1.00 -1.00 -1.00 -1.00  0.46 -1.00 -1.00 -1.00 -1.00 -1.00  0.57
 -1.00 -1.00 -1.00 -1.00 -1.00 -1.00 -1.00  0.00 -1.00 -1.00 -1.00 -1.00 -1.00 -1.00 -1.00 -1.00 -1.00 -1.00 -1.00 -1.00 -1.00 -1.00 -1.00 -1.00
 -1.00  0.76  0.77  0.57 -1.00  0.95  0.54  0.00  0.59 -1.00 -1.00  0.34 -1.00 -1.00 -1.00  0.49  0.55  0.53  0.53 -1.00  0.54  0.54  0.54  0.95
 -1.00  1.02  0.62 -1.00 -1.00  0.54 -1.00  0.00  0.78 -1.00 -1.00  0.67 -1.00 -1.00 -1.00 -1.00 -1.00  0.37 -1.00 -1.00 -1.00 -1.00 -1.00  0.54
  0.00  0.00  0.00  0.00  0.00  0.00  0.00  0.00  0.00  0.00  0.00  0.00  0.00  0.00  0.00  0.00  0.00  0.00  0.00  0.00  0.00  0.00  0.00  0.00
  0.40 -1.00  0.52  0.82 -1.00  0.59  0.78  0.00  0.73  0.67  0.63 -1.00  0.76  0.76 -1.00  0.57  0.44  0.65  1.07  0.55  0.78  0.78  0.78  0.59
  0.50 -1.00 -1.00 -1.00 -1.00 -1.00 -1.00  0.00  0.67  1.00  0.86 -1.00  0.80  1.24 -1.00 -1.00  0.52  1.04  0.99  0.81 -1.00 -1.00 -1.00 -1.00
  0.54 -1.00 -1.00 -1.00 -1.00 -1.00 -1.00  0.00  0.63  0.86  1.05 -1.00  0.79  1.01 -1.00 -1.00  0.42  1.05  0.77  0.74 -1.00 -1.00 -1.00 -1.00
 -1.00 -1.00  0.44  0.79 -1.00  0.34  0.67  0.00 -1.00 -1.00 -1.00 -1.00 -1.00 -1.00 -1.00  0.43  0.30 -1.00  0.70 -1.00  0.67  0.67  0.67  0.34
  0.47 -1.00 -1.00 -1.00 -1.00 -1.00 -1.00  0.00  0.76  0.80  0.79 -1.00 -1.00  0.66 -1.00 -1.00  0.45  0.75  0.86  0.57 -1.00 -1.00 -1.00 -1.00
  0.70 -1.00 -1.00 -1.00 -1.00 -1.00 -1.00  0.00  0.76  1.24  1.01 -1.00  0.66  1.37 -1.00 -1.00  0.64  1.11  1.13  1.08 -1.00 -1.00 -1.00 -1.00
 -1.00 -1.00 -1.00 -1.00 -1.00 -1.00 -1.00  0.00 -1.00 -1.00 -1.00 -1.00 -1.00 -1.00 -1.00 -1.00 -1.00 -1.00 -1.00 -1.00 -1.00 -1.00 -1.00 -1.00
 -1.00  0.71  0.44 -1.00 -1.00  0.49 -1.00  0.00  0.57 -1.00 -1.00  0.43 -1.00 -1.00 -1.00 -1.00 -1.00 -1.00 -1.00 -1.00 -1.00 -1.00 -1.00  0.49
  0.37  0.53  0.26 -1.00 -1.00  0.55 -1.00  0.00  0.44  0.52  0.42  0.30  0.45  0.64 -1.00 -1.00  0.47  0.48  0.60  0.51 -1.00 -1.00 -1.00  0.55
  0.64 -1.00 -1.00  0.46 -1.00  0.53  0.37  0.00  0.65  1.04  1.05 -1.00  0.75  1.11 -1.00 -1.00  0.48  1.17  1.03  0.84  0.37  0.37  0.37  0.53
  0.60  0.76  0.51 -1.00 -1.00  0.53 -1.00  0.00  1.07  0.99  0.77  0.70  0.86  1.13 -1.00 -1.00  0.60  1.03  0.95  0.85 -1.00 -1.00 -1.00  0.53
  0.52 -1.00 -1.00 -1.00 -1.00 -1.00 -1.00  0.00  0.55  0.81  0.74 -1.00  0.57  1.08 -1.00 -1.00  0.51  0.84  0.85  0.98 -1.00 -1.00 -1.00 -1.00
                                                                                                                                                                              
 -1.00  1.02  0.62 -1.00 -1.00  0.54 -1.00  0.00  0.78 -1.00 -1.00  0.67 -1.00 -1.00 -1.00 -1.00 -1.00  0.37 -1.00 -1.00 -1.00 -1.00 -1.00  0.54
 -1.00  1.02  0.62 -1.00 -1.00  0.54 -1.00  0.00  0.78 -1.00 -1.00  0.67 -1.00 -1.00 -1.00 -1.00 -1.00  0.37 -1.00 -1.00 -1.00 -1.00 -1.00  0.54
 -1.00  1.02  0.62 -1.00 -1.00  0.54 -1.00  0.00  0.78 -1.00 -1.00  0.67 -1.00 -1.00 -1.00 -1.00 -1.00  0.37 -1.00 -1.00 -1.00 -1.00 -1.00  0.54
                                                                                                                                                                              
 -1.00  0.76  0.77  0.57 -1.00  0.95  0.54  0.00  0.59 -1.00 -1.00  0.34 -1.00 -1.00 -1.00  0.49  0.55  0.53  0.53 -1.00  0.54  0.54  0.54  0.95

