#    A     C     D     E     F     G     H     I     K     L     M     N     P     Q     R     S     T     V     W     Y    Ka    Sp    Tp    Yp    big
 -0.46 -0.07 -1.06 -0.85  0.30  0.00 -0.53  0.09 -0.95  0.15  0.00 -0.83 -0.37 -0.68 -0.80 -0.76 -0.42 -0.18  0.30  0.05  0.93 -1.38 -0.48  1.21  -5.00
 -0.07  0.93 -1.41 -1.41  0.19  0.00  0.16  0.19 -0.72 -0.20 -0.56 -1.41 -0.55 -0.03 -1.12 -1.41 -1.41 -0.44 -0.64 -0.33  1.41 -1.41  0.20  1.25  -5.00
 -1.06 -1.41 -1.41 -1.35 -0.52  0.00  0.69 -1.19  0.65 -0.77 -0.46  0.12 -0.54 -0.01  0.97 -0.00 -0.04 -1.14  0.13  0.30  1.04 -0.50 -0.88 -0.02  -5.00
 -0.85 -1.41 -1.35 -1.41 -0.24  0.00  0.28 -0.76  0.67 -0.65 -0.59 -0.16 -0.61 -0.01  1.04 -0.14 -0.05 -0.62  0.18  0.21 -0.55 -1.41 -1.41 -1.08  -5.00
  0.30  0.19 -0.52 -0.24  0.37  0.00  0.15  0.82 -0.40  0.68  0.89 -0.02  0.39 -0.06  0.17 -0.44 -0.08  0.51  0.67  0.39  1.41 -0.12 -0.63  0.08  -5.00
  0.00  0.00  0.00  0.00  0.00  0.00  0.00  0.00  0.00  0.00  0.00  0.00  0.00  0.00  0.00  0.00  0.00  0.00  0.00  0.00  0.00  0.00  0.00  0.00  -5.00
 -0.53  0.16  0.69  0.28  0.15  0.00  0.03 -0.52 -0.37 -0.01 -0.04  0.13 -0.00  0.35 -0.20  0.01 -0.21 -0.02 -0.14  0.43  1.41  0.12  1.41  1.41  -5.00
  0.09  0.19 -1.19 -0.76  0.82  0.00 -0.52  0.43 -0.59  0.85  0.77 -0.48  0.28 -0.27 -0.53 -0.85 -0.21  0.44  0.61  0.12  1.41 -1.41 -0.66  1.13  -5.00
 -0.95 -0.72  0.65  0.67 -0.40  0.00 -0.37 -0.59 -1.41 -0.44 -0.43  0.03 -0.78 -0.23 -1.41 -0.95 -0.93 -0.51 -0.23 -0.22 -1.41  1.41  1.41  1.41  -5.00
  0.15 -0.20 -0.77 -0.65  0.68  0.00 -0.01  0.85 -0.44  0.19  0.69 -0.65  0.02 -0.46 -0.35 -0.87 -0.30  0.62  0.65  0.23  1.41 -1.41  0.44 -0.56  -5.00
  0.00 -0.56 -0.46 -0.59  0.89  0.00 -0.04  0.77 -0.43  0.69  0.15 -0.27  0.07  0.01 -0.36 -0.97 -0.38  0.51  0.89  0.70  0.41 -1.41 -1.41 -0.99  -5.00
 -0.83 -1.41  0.12 -0.16 -0.02  0.00  0.13 -0.48  0.03 -0.65 -0.27 -0.26 -0.29  0.07  0.02 -0.09 -0.30 -0.72  0.38  0.02  1.41  1.41  1.41  0.95  -5.00
 -0.37 -0.55 -0.54 -0.61  0.39  0.00 -0.00  0.28 -0.78  0.02  0.07 -0.29 -0.51 -0.45 -0.31 -0.75 -0.24 -0.14  0.82  0.64  1.16 -1.41 -1.41 -1.21  -5.00
 -0.68 -0.03 -0.01 -0.01 -0.06  0.00  0.35 -0.27 -0.23 -0.46  0.01  0.07 -0.45  0.18  0.20 -0.25  0.00 -0.14 -0.15  0.17 -0.48  0.31 -0.27  1.37  -5.00
 -0.80 -1.12  0.97  1.04  0.17  0.00 -0.20 -0.53 -1.41 -0.35 -0.36  0.02 -0.31  0.20 -1.01 -1.09 -0.57 -0.67  0.39  0.04 -0.92  1.41  1.41  1.41  -5.00
 -0.76 -1.41 -0.00 -0.14 -0.44  0.00  0.01 -0.85 -0.95 -0.87 -0.97 -0.09 -0.75 -0.25 -1.09 -1.41 -1.06 -0.94  0.11 -0.70 -1.38  1.26  1.41  1.41  -5.00
 -0.42 -1.41 -0.04 -0.05 -0.08  0.00 -0.21 -0.21 -0.93 -0.30 -0.38 -0.30 -0.24  0.00 -0.57 -1.06 -0.51 -0.19 -0.28 -0.08 -1.41  1.20  1.09  1.41  -5.00
 -0.18 -0.44 -1.14 -0.62  0.51  0.00 -0.02  0.44 -0.51  0.62  0.51 -0.72 -0.14 -0.14 -0.67 -0.94 -0.19 -0.14  0.78  0.19  1.41 -1.10  0.16  0.63  -5.00
  0.30 -0.64  0.13  0.18  0.67  0.00 -0.14  0.61 -0.23  0.65  0.89  0.38  0.82 -0.15  0.39  0.11 -0.28  0.78  0.43  0.23  1.41  0.08  1.41 -0.38  -5.00
  0.05 -0.33  0.30  0.21  0.39  0.00  0.43  0.12 -0.22  0.23  0.70  0.02  0.64  0.17  0.04 -0.70 -0.08  0.19  0.23 -0.00  1.41  1.41  0.64  1.13  -5.00
  0.93  1.41  1.04 -0.55  1.41  0.00  1.41  1.41 -1.41  1.41  0.41  1.41  1.16 -0.48 -0.92 -1.38 -1.41  1.41  1.41  1.41 -1.41 -1.41 -1.41 -1.41  -5.00
 -1.38 -1.41 -0.50 -1.41 -0.12  0.00  0.12 -1.41  1.41 -1.41 -1.41  1.41 -1.41  0.31  1.41  1.26  1.20 -1.10  0.08  1.41 -1.41 -1.41 -1.41 -1.41  -5.00
 -0.48  0.20 -0.88 -1.41 -0.63  0.00  1.41 -0.66  1.41  0.44 -1.41  1.41 -1.41 -0.27  1.41  1.41  1.09  0.16  1.41  0.64 -1.41 -1.41 -1.41 -1.41  -5.00
  1.21  1.25 -0.02 -1.08  0.08  0.00  1.41  1.13  1.41 -0.56 -0.99  0.95 -1.21  1.37  1.41  1.41  1.41  0.63 -0.38  1.13 -1.41 -1.41 -1.41 -1.41  -5.00
 -5.00 -5.00 -5.00 -5.00 -5.00 -5.00 -5.00 -5.00 -5.00 -5.00 -5.00 -5.00 -5.00 -5.00 -5.00 -5.00 -5.00 -5.00 -5.00 -5.00 -5.00 -5.00 -5.00 -5.00 -10.00
